-3.5726867309376082
-3.5726867309376082	26.12487807778437
-3.5726867309376082	26.12487807778437	-33.61004513617165
-3.5726867309376082	26.12487807778437	-33.61004513617165	15.05785378932486
2.3994919793441434
2.3994919793441434	0.4017577088277918
2.3994919793441434	0.4017577088277918	-0.43812331678872546
2.3994919793441434	0.4017577088277918	-0.43812331678872546	1.6368736286167849
2.4404959176258982
2.4404959176258982	-3.9108300895140142
2.4404959176258982	-3.9108300895140142	5.4374648355774715
2.4404959176258982	-3.9108300895140142	5.4374648355774715	0.032869336310745165
