0.0	0.0
0.0	16.24949357218339
0.0	62.43136639918297
0.0	0.0
0.0	0.0
0.0	37.016082044549684
0.0	45.74143064918278
0.0	13.18885209384215
0.0	0.0
0.0	21.150438883278937
0.0	31.924433983053955
0.0	21.858160324375078
0.0	23.13577737832747
0.0	18.198506103233072
0.0	19.117073564560464
0.0	60.408845453959586
0.0	41.442972226488315
0.0	24.513206683565375
0.0	0.0
0.0	21.6871430256105
2.0	11.604683625760249
2.0	7.191528195664041
2.0	16.830458159660992
2.0	23.329788718817742
2.0	16.855339477839344
2.0	22.679949612629677
2.0	8.027110340276478
2.0	9.614179617777095
2.0	9.448338664138898
2.0	16.333353599966518
2.0	11.879464983603413
2.0	7.320055731904051
2.0	21.726827196212803
2.0	8.152708264314022
2.0	21.33869640478445
2.0	7.079379969072115
2.0	22.624346256517292
2.0	5.540617295209388
2.0	10.402862585659225
2.0	7.839134021293465
3.0	6.54264086790763
3.0	9.0110332805065
3.0	1.2044223880258942
3.0	0.1983086680223608
3.0	18.943327158075252
3.0	4.489127896317972
3.0	3.9906156184705033
3.0	3.6664029160747122
3.0	3.9663303365902918
3.0	3.9296906438166586
3.0	11.30020768096485
3.0	19.471042913770006
3.0	2.7653193328386916
3.0	12.283518985543541
3.0	20.264476552461183
3.0	15.261958098242204
3.0	0.2702924079595533
3.0	14.178379558619953
3.0	21.838466087062876
3.0	2.3692426054207134
1.0	19.791790590894504
1.0	2.3578769411642133
1.0	16.081211172944254
1.0	3.5334036115761966
1.0	6.996069762728951
1.0	24.431762960563397
1.0	12.146262900630107
1.0	29.31820913859694
1.0	32.17477306491382
1.0	14.272824132231541
1.0	13.426993912867928
1.0	26.61072700593301
1.0	18.588494475347385
1.0	17.8094578606432
1.0	25.66867376089861
1.0	26.334768429770623
1.0	9.743541144055335
1.0	16.414829589695685
1.0	11.546813639161552
1.0	43.51188852067631
