0.14713652781894404
0.003969706003550065
0.0008343255357513544
0.02195949973211544
0.09702703781942863
0.0021378553982235467
0.0011034225826957492
0.00028816586353615757
0.014394362805744675
0.010434523907896587
0.0012861276170612306
0.1645121882797823
0.16540107698258738
0.007503688161095136
0.0006778571684739404
0.0004015877269298959
0.00032635195945871127
0.005257065163702774
0.0047851678178364426
0.009696143626938917
0.18904690065816684
0.0005102214563142716
0.0017257751161662974
0.015732649850895855
0.005893653101587951
0.0006903944026283873
0.01298843662847663
0.0013493565722810577
0.0017604568301548176
0.13414157203095295
0.003968657394805167
0.06625807426488896
0.0066716604487070995
0.0033645463610814438
0.0006715130076147395
0.0023219897870287638
0.15010547124403786
0.01357986704786597
0.0016318627465536422
0.0035911641275570443
0.0011215098064807833
0.0003464408933267379
0.004222083854870869
0.385777770349415
0.004144402437295486
0.002780853599442198
0.0017058157328377977
0.00324767626252358
0.0003390760874223598
0.00855142596121961
0.0030747350455111824
0.0008205874552894958
0.26622340728745003
0.00030185423348288147
0.0029478036360418734
0.0020926026855270894
0.001381560602121981
0.00029680896992147015
0.4355486670268707
0.5565178114793856
0.015861552706509383
0.0018593139675305138
0.0007899110315438047
0.000234931796867504
0.3914316474405472
0.008663681419451175
0.004545524662299101
0.0006027917063496102
0.0033666155028369
0.0012492928667509557
0.18349809008959883
0.012682785942464046
0.0025839241415820135
0.03714034986331285
0.003342855727577673
0.001969234713410879
0.0008649789733117296
0.19135248228294272
0.02875156370922489
0.21112355084686749
0.0009054965427706526
0.0005711156183682175
0.0015009531932934663
0.00044927431355710026
0.09671634799543449
0.00028396517013334297
0.00425672784352499
0.0009345682454705539
0.002972217866142795
0.00024264686776728122
0.0005765549280389707
0.021536499911478827
0.05685883758251473
0.00044443390893213593
0.0015656495501836312
0.0529641262020305
0.4015002902830455
0.00207170239375226
0.027784888470765573
0.5932853287575068
1.0
1.0
1.0
1.0
0.34490143104003923
1.0
0.9999999999996698
0.999999999597986
1.0
1.0
1.0
0.999999989973971
0.9974363184467963
1.0
1.0
1.0
1.0
0.5640411895194286
1.0
0.9999999992195332
1.0
0.8774098955525432
0.9957324425660966
0.999997582786708
0.9911519402089589
0.9947588261610528
0.9461750587139606
0.9999999783658855
1.0
0.9999999999986291
0.999487611990588
1.0
0.9998487315898453
1.0
0.9999941588494118
0.9999692526447145
0.9739718587689421
0.9999930548018237
0.9984239230845984
1.0
0.9995869437711796
1.0
1.0
1.0
0.9999062988536457
0.9592747306433156
0.9999999999999851
0.9999972799538192
0.9999999999999969
0.8552267575809146
1.0
0.9999999903304192
0.8880589540577666
0.9999999999917017
0.9999986213488818
1.0
1.0
0.9999995873995676
1.0
0.999986409587464
0.9998343884552902
0.9714457833963989
0.9999087705017393
0.9999999980246923
0.9999999999999996
0.9999953558740177
1.0
0.999999029529259
0.999999999511652
0.9942030145971708
0.9998895935559932
0.9912431981630607
0.9861614368135693
0.999999999085583
0.9882960793115059
0.9997307537809125
0.9999999999999998
0.9955212746514333
0.9931492113716885
1.0
0.9998826894429579
0.9987370735101824
1.0
0.999929574158525
0.9999980052091461
0.9771868317923614
0.9687092314150126
0.9999999999999996
1.0
0.9999999999950839
1.0
0.9977331551485964
0.9999999999999056
1.0
0.9701602114866295
0.9999999999999201
1.0
0.9989614219194255
0.9111287134505262
1.0